#player 405 520 40 40 999
wall 0 0 40 40 2
wall 40 0 40 40 2
wall 80 0 40 40 2
wall 120 0 40 40 2
wall 160 0 40 40 2
wall 200 0 40 40 2
wall 240 0 40 40 2
wall 280 0 40 40 2
wall 320 0 40 40 2
wall 360 0 40 40 2
wall 400 0 40 40 2
wall 440 0 40 40 2
wall 480 0 40 40 2
wall 520 0 40 40 2
wall 560 0 40 40 2
wall 600 0 40 40 2
wall 640 0 40 40 2
wall 680 0 40 40 2
wall 720 0 40 40 2
wall 760 0 40 40 2
wall 0 540 40 40 2
wall 40 540 40 40 2
wall 80 540 40 40 2
wall 120 540 40 40 2
wall 160 540 40 40 2
wall 200 540 40 40 2
wall 240 540 40 40 2
wall 280 540 40 40 2
wall 320 540 40 40 2
wall 360 540 40 40 2
#wall 405 540 40 40 2
wall 445 540 40 40 2
wall 480 540 40 40 2
wall 520 540 40 40 2
wall 560 540 40 40 2
wall 600 540 40 40 2
wall 640 540 40 40 2
wall 680 540 40 40 2
wall 720 540 40 40 2
wall 760 540 40 40 2
wall 0 40 40 40 2
wall 0 80 40 40 2
wall 0 120 40 40 2
wall 0 160 40 40 2
wall 0 200 40 40 2
wall 0 240 40 40 2
wall 0 280 40 40 2
wall 0 320 40 40 2
wall 0 360 40 40 2
wall 0 400 40 40 2
wall 0 440 40 40 2
wall 0 480 40 40 2
wall 0 520 40 40 2
wall 0 560 40 40 2
wall 760 40 40 40 2
wall 760 80 40 40 2
wall 760 120 40 40 2
wall 760 160 40 40 2
wall 760 200 40 40 2
wall 760 240 40 40 2
wall 760 280 40 40 2
wall 760 320 40 40 2
wall 760 360 40 40 2
wall 760 400 40 40 2
wall 760 440 40 40 2
wall 760 480 40 40 2
wall 760 520 40 40 2
wall 760 560 40 40 2
wall 100 40 40 40 2
wall 100 80 40 40 2
wall 100 120 40 40 2
wall 100 160 40 40 2
wall 40 370 40 40 2
wall 80 370 40 40 2
wall 120 370 40 40 2
wall 120 480 40 60 2
wall 100 250 40 40 2
wall 140 250 40 40 2
wall 180 250 40 40 2
wall 220 250 40 40 2
wall 260 250 40 40 2
wall 300 250 40 40 2
wall 340 250 40 40 2
wall 340 290 40 40 2
wall 340 330 40 40 2
wall 340 370 40 40 2
wall 340 410 40 40 2
wall 340 450 40 40 2
wall 300 450 40 40 2
wall 260 450 40 40 2
wall 210 355 40 40 2
wall 250 355 40 40 2
wall 200 95 40 40 2
wall 200 135 40 40 2
wall 240 95 40 40 2
wall 280 95 40 40 2
wall 320 95 40 40 2
wall 360 95 40 40 2
wall 400 95 40 40 2
wall 445 500 40 40 2
wall 445 460 40 40 2
wall 445 420 40 40 2
wall 445 380 40 40 2
wall 445 340 40 40 2
wall 445 300 40 40 2
wall 445 260 40 40 2
wall 600 40 40 40 2
wall 600 80 40 40 2
wall 600 120 40 40 2
wall 600 160 40 40 2
wall 560 200 40 40 2
wall 600 200 40 40 2
wall 600 240 40 40 2
wall 600 280 40 40 2
wall 600 320 40 40 2
wall 600 360 40 40 2
wall 600 400 40 40 2
wall 485 420 40 40 2
wall 640 270 40 40 2
wall 720 440 40 40 2
wall 720 130 40 40 2
tpdoor 400 570 40 10 2
player 405 520 40 40 999
wall 300 0 20 570 1
wall 500 0 20 570 1
tpdoor 380 0 40 10 1
zombie 155 200 40 40 2 1 0 535 240
zombie 50 50 40 40 2 0 1 90 340
zombie 165 315 40 40 2 0 1 205 520
zombie 545 280 40 40 2 0 1 585 500
zombie 700 180 40 40 2 0 1 740 420
book 60 490 40 40 2 1
book 260 45 40 40 2 2
book 390 365 40 40 2 3
gold 655 50 40 40 2
NPC 380 270 40 40 1 4